SIFT FEATURE MATCHING
Love's parameter, accuracy, precission, recall
0.4, 0.16, nan, 0.16
0.6, 0.45, 0.31, 0.32
0.7, 0.46, 0.40, 0.40
0.8, 0.50, 0.43, 0.43
0.85, 0.54, 0.42, 0.42
0.9, 0.49, 0.36, 0.36

SIFT + BOW ON RELEVANT CROPS (VERIFICATION OF APPROACH)
[[42  0  0  0  0  0  0  0  0  0]
 [ 0 40  0  0  0  0  0  0  0  0]
 [ 0  0 39  0  0  0  0  0  0  0]
 [ 0  0  0 39  0  0  0  0  0  0]
 [ 0  0  0  0 40  0  0  0  0  0]
 [ 0  0  0  0  0 40  0  0  0  0]
 [ 0  0  0  0  0  0 40  0  0  0]
 [ 0  0  0  0  0  0  0 40  0  0]
 [ 0  0  0  0  0  0  0  0 40  0]
 [ 0  0  0  0  0  0  0  0  0 40]]
[1. 1. 1. 1. 1. 1. 1. 1. 1. 1.]
[1. 1. 1. 1. 1. 1. 1. 1. 1. 1.]
1.0
1.0